0.5125 0.21 0.11 0.736842105 0.586956522 0.543333333 0.536 0.47 0.48 0.215 0.565 0.733333333 0.393723252 1 -1 -1
0.5975 0.154 0.81 0.268421053 0.25 0.616666667 0.588 0.34 0.3625 0.316666667 0.46 0.74 0.654065621 1 -1 -1
0.575 0.144 0.57 0.315789474 0.260869565 0.466666667 0.438 0.27 0.3375 0.245833333 0.51 0.59 0.718259629 1 -1 -1
0.7175 0.18 0.9 0.442105263 0.402173913 0.65 0.594 0.37 0.44 0.291666667 0.625 0.8 0.454350927 1 -1 -1
0.755 0.136 0.605 0.263157895 0.282608696 0.55 0.466 0.26 0.495 0.308333333 0.52 0.863333333 0.539942939 1 -1 -1
0.6825 0.1 0.85 0.605263158 0.336956522 0.666666667 0.65 0.29 0.595 0.391666667 0.595 0.57 0.718259629 1 -1 -1
0.645 0.132 0.68 0.426315789 0.391304348 0.62 0.638 0.22 0.4875 0.491666667 0.545 0.626666667 0.882310984 1 -1 -1
0.67 0.166 0.68 0.326315789 0.369565217 0.473333333 0.538 0.42 0.4925 0.236666667 0.615 0.623333333 0.507845934 1 -1 -1
0.69 0.106 0.85 0.447368421 0.673913043 0.65 0.548 0.5 0.3375 0.366666667 0.625 0.666666667 0.682596291 1 -1 -1
0.6275 0.16 0.825 0.421052632 0.434782609 0.45 0.506 0.29 0.385 0.266666667 0.55 0.623333333 0.582738944 1 -1 -1
0.62 0.162 0.705 0.5 0.326086957 0.566666667 0.596 0.26 0.465 0.341666667 0.52 0.823333333 0.457917261 1 -1 -1
0.57 0.128 0.92 0.236842105 0.434782609 0.533333333 0.536 0.34 0.34 0.3 0.545 0.593333333 0.429386591 1 -1 -1
0.5125 0.13 0.775 0.368421053 0.304347826 0.483333333 0.486 0.29 0.36 0.270833333 0.56 0.503333333 0.589871612 1 -1 -1
0.5175 0.1 0.55 0.236842105 0.304347826 0.466666667 0.528 0.28 0.3425 0.225 0.59 0.563333333 0.529243937 1 -1 -1
0.805 0.598 0.755 0.115789474 0.630434783 0.666666667 0.608 0.2 0.52 0.341666667 0.445 0.843333333 0.343794579 1 -1 -1
0.64 0.142 0.655 0.273684211 0.510869565 0.716666667 0.658 0.34 0.585 0.4275 0.475 0.793333333 0.368758916 1 -1 -1
0.6025 0.568 0.56 0.410526316 0.217391304 0.483333333 0.536 0.27 0.37 0.273333333 0.455 0.666666667 0.539942939 1 -1 -1
0.72 0.178 0.795 0.210526316 0.336956522 0.75 0.712 0.17 0.425 0.369166667 0.44 0.853333333 0.582738944 1 -1 -1
0.56 0.596 0.645 0.342105263 0.358695652 0.546666667 0.526 0.32 0.415 0.28 0.41 0.666666667 0.286733238 1 -1 -1
0.5125 0.154 0.55 0.315789474 0.402173913 0.666666667 0.6 0.28 0.5075 0.336666667 0.44 0.783333333 0.432952924 1 -1 -1
0.8025 0.608 0.72 0.415789474 0.445652174 0.616666667 0.53 0.3 0.3125 0.353333333 0.435 0.776666667 0.572039943 1 -1 -1
0.845 0.518 0.64 0.263157895 0.347826087 0.75 0.634 0.27 0.5475 0.325 0.52 0.813333333 0.561340942 1 -1 -1
0.725 0.136 0.56 0.263157895 0.336956522 0.7 0.678 0.21 0.535 0.425 0.455 0.776666667 0.504279601 1 -1 -1
0.775 0.204 0.7 0.410526316 0.358695652 0.583333333 0.584 0.32 0.595 0.433333333 0.535 0.583333333 0.557774608 1 -1 -1
0.735 0.146 0.635 0.336842105 0.413043478 0.626666667 0.708 0.32 0.52 0.658333333 0.56 0.7 0.70042796 1 -1 -1
0.5125 0.146 0.52 0.073684211 0.239130435 0.573333333 0.654 0.17 0.7275 0.516666667 0.56 0.636666667 0.621968616 1 -1 -1
0.7075 0.13 0.8 0.326315789 0.260869565 0.483333333 0.598 0.22 0.5725 0.383333333 0.62 0.79 0.703994294 1 -1 -1
0.705 0.15 0.71 0.157894737 0.445652174 0.96 0.748 0.32 0.4675 0.504166667 0.505 0.753333333 0.650499287 1 -1 -1
0.6925 0.18 0.84 0.321052632 0.489130435 0.666666667 0.558 0.39 0.42 0.441666667 0.565 0.643333333 0.782453638 1 -1 -1
0.685 0.134 0.625 0.284210526 0.52173913 0.533333333 0.58 0.21 0.405 0.404166667 0.46 0.733333333 0.557774608 1 -1 -1
0.64 0.146 0.73 0.5 0.5 0.653333333 0.556 0.2 0.6125 0.4375 0.49 0.676666667 0.600570613 1 -1 -1
0.805 0.14 0.65 0.278947368 0.52173913 0.733333333 0.6 0.26 0.5075 0.448333333 0.47 0.77 0.493580599 1 -1 -1
0.5725 0.194 0.84 0.305263158 0.347826087 0.666666667 0.646 0.31 0.415 0.416666667 0.535 0.613333333 0.707560628 1 -1 -1
0.68 0.086 0.75 0.3 0.413043478 0.8 0.734 0.19 0.51 0.483333333 0.445 0.623333333 0.718259629 1 -1 -1
0.3425 0.012 0.18 -0.021052632 0.195652174 0.326666667 0.114 0.28 0.105 0.079166667 0.525 0.273333333 0.172610556 -1 1 -1
0.3325 0.02 0.64 0.263157895 0.336956522 0.35 0.218 0.63 0.1025 0.189166667 0.625 0.223333333 0.286733238 -1 1 -1
0.41 0.072 0.51 0.305263158 0.326086957 0.34 0.282 0.53 0.155 0.395833333 0.49 0.196666667 0.122681883 -1 1 -1
0.6675 0.05 0.46 0.368421053 0.260869565 0.366666667 0.358 0.32 0.1825 0.233333333 0.615 0.486666667 0.2510699 -1 1 -1
0.3425 0.026 0.58 0.421052632 0.184782609 0.833333333 0.62 0.19 0.4675 0.2875 0.61 0.623333333 0.10128388 -1 1 -1
0.27 0.066 0.65 0.663157895 0 0.4 0.318 0.42 0.345 0.061666667 0.535 0.736666667 0.247503566 -1 1 -1
0.27 0.166 0.66 0.394736842 0.119565217 0.2 0.3 0.52 0.41 0.116666667 0.54 0.423333333 0.144079886 -1 1 -1
0.25 0.102 0.71 0.578947368 0.173913043 0.15 0.25 0.5 0.4075 0.216666667 0.525 0.55 0.122681883 -1 1 -1
0.4225 0.106 0.63 0.510526316 0.108695652 0.126666667 0.292 0.58 0.405 0.170833333 0.48 0.353333333 0.154778887 -1 1 -1
0.3225 0.366 0.61 0.368421053 0.195652174 0.483333333 0.45 0.25 0.4975 0.095833333 0.575 0.766666667 0.008559201 -1 1 -1
0.155 0.198 0.64 0.368421053 0.304347826 0.673333333 0.452 0.17 0.3375 0.1875 0.58 0.653333333 0.047788873 -1 1 -1
0.3675 0.104 0.6 0.421052632 1 0.5 0.454 0.32 0.82 0.133333333 0.58 0.543333333 0.470042796 -1 1 -1
0.2025 0.224 0.87 0.552631579 0.695652174 0.2 0.198 0.14 0.39 0.125 0.475 0.42 0.247503566 -1 1 -1
0.3225 0.082 0.49 0.263157895 0.163043478 0.516666667 0.5 0.29 0.4425 0.158333333 0.615 0.58 0.106990014 -1 1 -1
0.3425 0.014 0.55 0.394736842 0.195652174 0.84 0.75 0.24 0.4875 0.291666667 0.52 0.59 0.272467903 -1 1 -1
0.3225 0.434 0.605 0.368421053 0.195652174 0.616666667 0.598 0.45 0.7025 0.108333333 0.71 0.61 0.091298146 -1 1 -1
0.27 0.216 0.35 0.342105263 0.293478261 0.41 0.434 0.26 0.35 0.191666667 0.635 0.653333333 0.308131241 -1 1 -1
0.4 0.068 0.45 0.394736842 0.195652174 0.15 0.272 0.29 0.3375 0.120833333 0.52 0.59 0.20256776 -1 1 -1
0.335 0.29 0.73 0.526315789 0.304347826 0.52 0.422 0.34 0.3275 0.15 0.4 0.793333333 0.114122682 -1 1 -1
0.205 0.144 0.44 0.447368421 0.173913043 0.5 0.328 0.37 0.355 0.088333333 0.47 0.48 0.097717546 -1 1 -1
0.3775 0.146 0.49 0.5 0.163043478 0.4 0.384 0.32 0.37 0.161666667 0.52 0.856666667 0.281027104 -1 1 -1
0.355 0.31 0.635 0.578947368 0.217391304 0.226666667 0.368 0.66 0.355 0.141666667 0.43 0.766666667 0.02639087 -1 1 -1
0.3125 0.146 0.56 0.421052632 0.108695652 0.216666667 0.406 0.37 0.4075 0.2 0.5 0.723333333 0.165477889 -1 1 -1
0.43 0.15 0.64 0.605263158 0.152173913 0.126666667 0.352 0.48 0.4075 0.191666667 0.44 0.473333333 0.14978602 -1 1 -1
0.305 0.058 0.47 0.421052632 0.239130435 0.453333333 0.408 0.39 0.52 0.141666667 0.43 0.673333333 0.02425107 -1 1 -1
0.1525 0.07 0.85 0.473684211 0.260869565 0.58 0.584 0.29 0.6225 0.1375 0.48 0.753333333 0.286733238 -1 1 -1
0.115 0.548 0.41 0.447368421 0.402173913 0.726666667 0.516 0.24 0.895 0.158333333 0.375 0.603333333 0.20256776 -1 1 -1
0.38 0.286 0.585 0.526315789 0.195652174 0.516666667 0.454 0.26 0.305 0.083333333 0.45 0.593333333 0.033523538 -1 1 -1
0.19 0.336 0.96 0.473684211 0.358695652 0.25 0.406 0.6 0.2625 0.233333333 0.615 0.5 0.234664765 -1 1 -1
0.1025 0.052 0.75 0.526315789 0.195652174 0.493333333 0.402 0.42 0.36 0.173333333 0.55 0.436666667 0.111269615 -1 1 -1
0.27 0.078 0.75 0.605263158 0.152173913 0.52 0.458 0.43 0.26 0.158333333 0.465 0.73 0.076319544 -1 1 -1
0.0075 0.102 0.6 0.552631579 0.163043478 0.486666667 0.434 0.52 0.5025 0.075 0.855 0.623333333 0.092011412 -1 1 -1
0.205 0.094 0.495 0.515789474 0.173913043 0.326666667 0.32 0.3 0.3825 0.079166667 0.475 0.776666667 0.154778887 -1 1 -1
0.355 0.122 0.595 0.605263158 0.413043478 0.333333333 0.418 0.34 0.4025 0.088333333 0.53 0.653333333 0.047788873 -1 1 -1
0.4425 0.486 0.49 0.263157895 0.108695652 0.21 0.25 0.43 0.2075 0.2 0.35 0.373333333 0.067047076 -1 1 -1
0.25 0.486 0.5 0.421052632 0.184782609 0.333333333 0.328 0.37 0.4675 0.023333333 0.465 0.683333333 0.203994294 -1 1 -1
0.1125 0.28 0.71 0.473684211 0.282608696 0.633333333 0.558 0.32 0.4575 0.1875 0.4 0.796666667 0.247503566 -1 1 -1
0.14 0.21 1.115 0.921052632 0.532608696 0.726666667 1.016 0.47 0.4675 0.416666667 0.465 0.896666667 0.133380884 -1 1 -1
0.355 0.686 0.865 0.815789474 0.347826087 0.4 0.426 0.43 0.4275 0.09 0.46 0.706666667 0.062054208 -1 1 -1
0.5125 0.96 0.565 0.552631579 0.173913043 0.54 0.53 0.3 0.5025 0.133333333 0.365 0.7 0.07275321 -1 1 -1
0.2175 0.662 0.695 0.526315789 0.130434783 0.62 0.606 0.21 0.7275 0.15 0.375 0.88 0.07275321 -1 1 -1
0.2675 0.232 0.585 0.526315789 0.163043478 0.533333333 0.53 0.37 0.3375 0.146666667 0.43 0.76 0.071326676 -1 1 -1
0.3575 0.106 0.645 0.552631579 0.173913043 0.58 0.63 0.39 0.4425 0.245 0.345 0.613333333 0.05278174 -1 1 -1
0.1975 0.226 0.89 0.921052632 0.239130435 0.376666667 0.448 0.58 0.44 0.166666667 0.485 0.48 0.134094151 -1 1 -1
0.3425 0.126 0.65 0.710526316 0.195652174 0.406666667 0.49 0.4 0.475 0.093333333 0.445 0.593333333 0.045649073 -1 1 -1
0.26 0.66 0.69 0.578947368 0.108695652 0.366666667 0.35 0.42 0.3375 0.133333333 0.395 0.523333333 0.215406562 -1 1 -1
0.465 0.07 0.66 0.368421053 0.565217391 0.17 0.25 0.21 0.235 0.258333333 0.38 0.096666667 0.2510699 -1 -1 1
0.47 0.398 0.7 0.473684211 0.369565217 0.1 0.244 0.24 0.2075 0.366666667 0.37 0.14 0.179743224 -1 -1 1
0.4525 0.262 0.7 0.684210526 0.304347826 0.05 0.218 0.27 0.2075 0.391666667 0.33 0.12 0.201141227 -1 -1 1
0.425 0.51 0.68 0.552631579 0.391304348 0.233333333 0.24 0.17 0.21 0.333333333 0.39 0.096666667 0.229671897 -1 -1 1
0.3775 0.048 0.625 0.342105263 0.163043478 0.333333333 0.116 0.6 0.3125 0.370833333 0.375 0.17 0.265335235 -1 -1 1
0.4 0.292 0.6 0.394736842 0.260869565 0.206666667 0.132 0.63 0.235 0.508333333 0.365 0.193333333 0.29743224 -1 -1 1
0.3125 0.744 0.77 0.526315789 0.206521739 0.126666667 0.094 0.53 0.2 0.2375 0.375 0.09 0.315263909 -1 -1 1
0.3825 0.902 0.82 0.736842105 0.282608696 0.263333333 0.12 0.63 0.275 0.333333333 0.41 0.23 0.169044223 -1 -1 1
0.6225 0.518 0.595 0.447368421 0.195652174 0.206666667 0.096 0.58 0.22 0.391666667 0.405 0.273333333 0.215406562 -1 -1 1
0.46 0.392 0.805 0.684210526 0.336956522 0.44 0.12 0.53 0.2025 0.326666667 0.445 0.383333333 0.22253923 -1 -1 1
0.4825 0.362 0.85 0.526315789 0.282608696 0.18 0.1 0.53 0.1875 0.3 0.385 0.436666667 0.229671897 -1 -1 1
0.59 0.312 0.675 0.473684211 0.206521739 0.133333333 0.1 0.37 0.16 0.383333333 0.35 0.49 0.358059914 -1 -1 1
0.63 0.434 0.86 0.657894737 0.293478261 0.183333333 0.104 0.5 0.1375 0.279166667 0.445 0.353333333 0.172610556 -1 -1 1
0.655 0.79 0.675 0.473684211 0.239130435 0.333333333 0.16 0.47 0.255 0.283333333 0.455 0.35 0.194008559 -1 -1 1
0.3125 0.576 0.6 0.394736842 0.456521739 0.126666667 0.156 0.29 0.285 0.600833333 0.325 0.333333333 0.411554922 -1 -1 1
0.54 0.514 0.575 0.526315789 0.347826087 0.166666667 0.11 0.43 0.325 0.25 0.3 0.226666667 0.393723252 -1 -1 1
0.72 0.808 0.615 0.473684211 0.108695652 -0.006666667 0.068 0.4 0.17 0.325 0.29 0.11 0.097717546 -1 -1 1
0.4675 0.722 0.74 0.552631579 0.173913043 0.233333333 0.13 0.47 0.215 0.554166667 0.27 0.286666667 0.247503566 -1 -1 1
0.58 0.448 0.69 0.552631579 0.239130435 0.31 0.152 0.45 0.3125 0.618333333 0.275 0.206666667 0.265335235 -1 -1 1
0.52 0.58 0.68 0.552631579 0.467391304 0.136666667 0.278 0.34 0.285 0.7 0.285 0.11 0.194008559 -1 -1 1
0.625 0.424 0.81 0.684210526 0.576086957 0.133333333 0.314 0.22 0.3125 0.633333333 0.295 0.1 0.158345221 -1 -1 1
0.4475 0.334 0.74 0.578947368 0.456521739 0.16 0.272 0.24 0.315 0.816666667 0.24 0.156666667 0.144079886 -1 -1 1
0.5275 0.18 0.875 0.763157895 0.5 0.4 0.256 0.26 0.39 0.508333333 0.305 0.11 0.104850214 -1 -1 1
0.5575 0.46 0.64 0.394736842 0.304347826 0.266666667 0.166 0.61 0.4675 0.793333333 0.28 0.17 0.283166904 -1 -1 1
0.395 0.058 0.55 0.473684211 0.358695652 0.16 0.116 0.53 0.35 0.55 0.29 0.183333333 0.258202568 -1 -1 1
0.5425 0.838 0.66 0.578947368 0.25 0.246666667 0.126 0.61 0.3875 0.575 0.3 0.16 0.318830243 -1 -1 1
0.71 0.624 0.69 0.447368421 0.206521739 0.266666667 0.166 0.48 0.39 0.6675 0.285 0.213333333 0.144079886 -1 -1 1
0.3625 0.406 0.82 0.842105263 0.293478261 0.3 0.116 0.63 0.285 0.541666667 0.335 0.243333333 0.429386591 -1 -1 1
0.835 0.136 0.85 0.736842105 0.304347826 0.6 0.262 0.53 0.675 1 0.285 0.32 0.272467903 -1 -1 1
0.62 0.134 0.82 0.605263158 0.206521739 0.533333333 0.22 0.52 0.5725 0.895833333 0.285 0.26 0.243937233 -1 -1 1
0.34 0.566 0.69 0.526315789 0.195652174 0.433333333 0.184 0.5 0.26 0.554166667 0.28 0.193333333 0.172610556 -1 -1 1
0.6725 0.452 0.77 0.473684211 0.402173913 0.276666667 0.112 0.5 0.2 0.406666667 0.48 0.273333333 0.286733238 -1 -1 1
0.4625 0.454 0.79 0.578947368 0.391304348 0.216666667 0.12 0.6 0.24 0.381666667 0.435 0.37 0.208273894 -1 -1 1
0.49 0.49 0.675 0.394736842 0.391304348 0.13 0.14 0.4 0.235 0.356666667 0.34 0.25 0.283166904 -1 -1 1
0.695 0.352 0.65 0.578947368 0.217391304 0.116666667 0.136 0.41 0.2575 0.715 0.35 0.226666667 0.240370899 -1 -1 1
0.6825 0.672 0.63 0.605263158 0.195652174 0.093333333 0.094 0.52 0.2875 0.468333333 0.39 0.25 0.172610556 -1 -1 1
0.6125 0.54 0.8 0.631578947 0.445652174 0.233333333 0.184 0.43 0.365 0.806666667 0.425 0.186666667 0.29743224 -1 -1 1
0.455 0.474 0.65 0.447368421 0.195652174 0.16 0.132 0.4 0.2425 0.771666667 0.36 0.25 0.290299572 -1 -1 1
0.645 0.316 0.845 0.710526316 0.380434783 0.183333333 0.168 0.39 0.385 0.638333333 0.37 0.266666667 0.336661912 -1 -1 1
0.6 0.72 0.93 0.736842105 0.456521739 0.326666667 0.192 0.27 0.2775 0.625 0.335 0.306666667 0.2510699 -1 -1 1
0.3 0.406 0.66 0.421052632 0.282608696 0.083333333 0.098 0.4 0.1825 0.375 0.33 0.276666667 0.165477889 -1 -1 1
0.4425 0.278 0.64 0.447368421 0.173913043 0.13 0.102 0.48 0.16 0.741666583 0.285 0.21 0.136947218 -1 -1 1
0.79 0.302 0.74 0.473684211 0.22826087 0.226666667 0.14 0.44 0.31 0.725 0.31 0.236666667 0.272467903 -1 -1 1
0.6775 0.93 0.725 0.5 0.27173913 0.226666667 0.122 0.52 0.265 0.558333333 0.32 0.246666667 0.329529244 -1 -1 1
0.6 0.582 0.74 0.631578947 0.347826087 0.266666667 0.15 0.43 0.3525 0.525 0.35 0.186666667 0.336661912 -1 -1 1
0.3425 0.034 0.46 0.452631579 0.086956522 0.37 0.4 0.27 0.26 0.306666667 0.56 0.826666667 0.165477889 -1 1 -1
0.585 0.012 0.68 0.315789474 0.434782609 0.51 0.26 0.55 0.105 0.180833333 0.51 0.31 0.336661912 -1 1 -1
0.3025 0.038 0.375 0.305263158 0.880434783 0.283333333 0.256 0.14 0.625 0.154166667 0.64 0.69 0.313837375 -1 1 -1
0.3225 0.122 0.605 0.494736842 0.358695652 0.033333333 0.204 0.37 0.365 0.170833333 0.453 0.273333333 0.422253923 -1 1 -1
0.715 0.102 0.835 0.736842105 0.173913043 0.65 0.572 0.21 0.4675 0.198333333 0.68 0.72 0.094151213 -1 1 -1
0.6225 0.132 0.62 0.684210526 0.184782609 0.293333333 0.368 0.27 0.2575 0.228333333 0.49 0.593333333 0.138373752 -1 1 -1
0.4975 0.134 0.8 1 0.75 0.766666667 0.578 0.21 0.49 0.195833333 0.655 0.833333333 0.504279601 -1 1 -1
0.8075 0.142 0.715 0.242105263 0.619565217 0.6 0.612 0.28 0.5725 0.386666667 0.52 0.973333333 0.561340942 1 -1 -1
0.55 0.156 0.57 0.010526316 0.326086957 0.55 0.552 0.26 0.32 0.281666667 0.525 0.8 0.55064194 1 -1 -1
0.54 0.272 0.835 0.4 0.336956522 0.6 0.648 0.3 0.7025 0.39 0.515 0.723333333 0.646932953 1 -1 -1
0.8425 0.19 0.75 0.305263158 0.467391304 0.95 0.698 0.24 0.545 0.566666667 0.43 0.816666667 0.857346648 1 -1 -1
0.56 0.318 0.935 0.526315789 0.52173913 0.6 0.538 0.39 0.455 0.276666667 0.52 0.643333333 0.32596291 1 -1 -1
0.8 0.152 0.725 0.221052632 0.456521739 0.756666667 0.678 0.34 0.4925 0.479166667 0.525 0.616666667 0.835948645 1 -1 -1
0.8475 0.174 0.725 0.189473684 0.282608696 0.5 0.504 0.3 0.495 0.354166667 0.51 0.86 0.721825963 1 -1 -1
0.765 0.23 0.805 0.347368421 0.554347826 0.533333333 0.502 0.31 0.3125 0.3375 0.53 0.86 0.725392297 1 -1 -1
0.9575 0.128 0.585 0.157894737 0.293478261 0.6 0.596 0.29 0.495 0.35 0.54 0.616666667 0.547075606 1 -1 -1
0.66 0.42 0.78 0.221052632 0.5 0.566666667 0.606 0.17 0.415 0.341666667 0.48 0.786666667 0.404422254 1 -1 -1
0.765 0.126 0.64 0.263157895 0.608695652 0.666666667 0.634 0.24 0.525 0.3875 0.545 0.903333333 0.358059914 1 -1 -1
0.4825 0.56 0.825 0.4 0.347826087 0.47 0.482 0.25 0.495 0.291666667 0.515 0.84 0.350927247 1 -1 -1
0.6775 0.172 0.68 0.294736842 0.336956522 0.536666667 0.576 0.27 0.4225 0.233333333 0.555 1 0.539942939 1 -1 -1
0.4625 0.12 0.76 0.357894737 0.27173913 0.493333333 0.474 0.26 0.365 0.244166667 0.545 0.876666667 0.525677603 1 -1 -1
0.625 0.162 0.805 0.473684211 0.282608696 0.51 0.522 0.28 0.415 0.21 0.56 0.94 0.404422254 1 -1 -1
0.2925 0.09 0.765 0.421052632 0.369565217 0.296666667 0.35 0.45 0.2575 0.1625 0.725 0.41 0.054921541 -1 1 -1
0.3425 0.042 0.78 0.373684211 0.304347826 0.473333333 0.53 0.37 0.52 0.3 0.595 0.433333333 0.285306705 -1 1 -1
0.5275 0.002 0.35 0.210526316 0.086956522 0.66 0.636 0.26 0.57 0.358333333 0.56 0.726666667 0.159771755 -1 1 -1
0.24 0.018 0.65 0.526315789 0.336956522 0.793333333 0.428 0.13 0.4125 0.184166667 0.495 0.71 0.433666191 -1 1 -1
0.165 0.176 0.46 0.263157895 0.293478261 0.203333333 0.314 0.34 0.2875 0.233333333 0.615 0.38 0.106990014 -1 1 -1
